pierwszy:

#0.125,0.1666,0,p,20
#0.250,0.1666,0,0,20
#0.375,0.1666,0,0,20
#0.500,0.1666,0,0,20
#0.625,0.1666,0,0,20
#0.750,0.1666,0,0,20
#0.875,0.1666,0,0,20

drugi:

#0.125,0.3333,0,0,20
#0.250,0.3333,0,0,20
#0.375,0.3333,0,0,20
#0.500,0.3333,0,0,20
#0.625,0.3333,0,0,20
#0.750,0.3333,0,0,20
#0.875,0.3333,0,0,20

trzeci:

#0.125,0.5,0,0,20
#0.250,0.5,0,0,20
#0.375,0.5,0,0,20
#0.500,0.5,0,0,20
#0.625,0.5,0,0,20
#0.750,0.5,0,0,20
#0.875,0.5,0,0,20

czwarty:

#0.125,0.6666,0,0,20
#0.250,0.6666,0,0,20
#0.375,0.6666,0,0,20
#0.500,0.6666,0,0,20
#0.625,0.6666,0,0,20
#0.750,0.6666,0,0,20
#0.875,0.6666,0,0,20

piąty:

#0.125,0.8333,0,0,20
#0.250,0.8333,0,0,20
#0.375,0.8333,0,0,20
#0.500,0.8333,0,0,20
#0.625,0.8333,0,0,20
#0.750,0.8333,0,0,20
#0.875,0.8333,0,1,20
