pierwszy:

#0.166,0.125,1,p,20
#0.333,0.125,1,0,20
#0.500,0.125,1,0,20
#0.666,0.125,1,0,20
#0.833,0.125,1,0,20
!0.0,0.250,0.45,0.250
!0.55,0.250,0.8,0.250

drugi:

#0.166,0.375,1,3,20
#0.333,0.375,1,0,20
#0.500,0.375,1,0,20
#0.666,0.375,1,0,20
#0.833,0.375,1,0,20
!0.2,0.5,0.45,0.5
!0.55,0.5,1.0,0.5

trzeci:

#0.166,0.625,1,0,20
#0.333,0.625,1,0,20
#0.500,0.625,1,0,20
#0.666,0.625,1,0,20
#0.833,0.625,1,2,20
!0.0,0.75,0.45,0.75
!0.55,0.75,0.8,0.75

czwarty:

#0.166,0.875,1,1,20
#0.333,0.875,1,0,20
#0.500,0.875,1,0,20
#0.666,0.875,1,0,20
#0.833,0.875,1,0,20
